2 1
3 1
3 2
4 1
4 2
4 3
5 1
6 1
7 1
7 5
7 6
8 1
8 2
8 3
8 4
9 1
9 3
10 3
11 1
11 5
11 6
12 1
13 1
13 4
14 1
14 2
14 3
14 4
17 6
17 7
18 1
18 2
20 1
20 2
22 1
22 2
26 24
26 25
28 3
28 24
28 25
29 3
30 24
30 27
31 2
31 9
32 1
32 25
32 26
32 29
33 3
33 9
33 15
33 16
33 19
33 21
33 23
33 24
33 30
33 31
33 32
34 9
34 10
34 14
34 15
34 16
34 19
34 20
34 21
34 23
34 24
34 27
34 28
34 29
34 30
34 31
34 32
34 33
Algorithm: CIS
i1: [[0, 7, 15, 16, 17, 25]]
i2: [[0, 7, 15, 16, 17, 25], [1, 4, 5, 6, 7, 10, 11, 12, 14, 15, 16, 17]]
i3: [[0, 7, 15, 16, 17, 25], [1, 4, 5, 6, 7, 10, 11, 12, 14, 15, 16, 17], [2, 7, 8, 9, 13, 21, 22]]
i4: [[0, 7, 15, 16, 17, 25], [1, 4, 5, 6, 7, 10, 11, 12, 14, 15, 16, 17], [2, 7, 8, 9, 13, 21, 22], [3, 7, 12, 13]]
i5: [[0, 7, 15, 16, 17, 25], [1, 4, 5, 6, 7, 10, 11, 12, 14, 15, 16, 17], [2, 7, 8, 9, 13, 21, 22], [3, 7, 12, 13]]
i6: [[0, 7, 15, 16, 17, 25], [1, 4, 5, 6, 7, 10, 11, 12, 14, 15, 16, 17], [2, 7, 8, 9, 13, 21, 22], [3, 7, 12, 13]]
i7: [[0, 7, 15, 16, 17, 25], [1, 4, 5, 6, 7, 10, 11, 12, 14, 15, 16, 17], [2, 7, 8, 9, 13, 21, 22], [3, 7, 12, 13]]
i8: [[0, 7, 15, 16, 17, 25], [1, 4, 5, 6, 7, 10, 11, 12, 14, 15, 16, 17], [2, 7, 8, 9, 13, 21, 22], [3, 7, 12, 13], [0, 3, 7]]
i9: [[0, 7, 15, 16, 17, 25], [1, 4, 5, 6, 7, 10, 11, 12, 14, 15, 16, 17], [2, 7, 8, 9, 13, 21, 22], [3, 7, 12, 13], [0, 3, 7], [8, 25]]
i10: [[0, 7, 15, 16, 17, 25], [1, 4, 5, 6, 7, 10, 11, 12, 14, 15, 16, 17], [2, 7, 8, 9, 13, 21, 22], [3, 7, 12, 13], [0, 3, 7], [8, 25]]
i11: [[0, 7, 15, 16, 17, 25], [1, 4, 5, 6, 7, 10, 11, 12, 14, 15, 16, 17], [2, 7, 8, 9, 13, 21, 22], [3, 7, 12, 13], [0, 3, 7], [8, 25]]
i12: [[0, 7, 15, 16, 17, 25], [1, 4, 5, 6, 7, 10, 11, 12, 14, 15, 16, 17], [2, 7, 8, 9, 13, 21, 22], [3, 7, 12, 13], [0, 3, 7], [8, 25]]
i13: [[0, 7, 15, 16, 17, 25], [1, 4, 5, 6, 7, 10, 11, 12, 14, 15, 16, 17], [2, 7, 8, 9, 13, 21, 22], [3, 7, 12, 13], [0, 3, 7], [8, 25]]
i14: [[0, 7, 15, 16, 17, 25], [1, 4, 5, 6, 7, 10, 11, 12, 14, 15, 16, 17], [2, 7, 8, 9, 13, 21, 22], [3, 7, 12, 13], [0, 3, 7], [8, 25], [0, 3, 13]]
i15: [[0, 7, 15, 16, 17, 25], [1, 4, 5, 6, 7, 10, 11, 12, 14, 15, 16, 17], [2, 7, 8, 9, 13, 21, 22], [3, 7, 12, 13], [0, 3, 7], [8, 25], [0, 3, 13]]
i16: [[0, 7, 15, 16, 17, 25], [1, 4, 5, 6, 7, 10, 11, 12, 14, 15, 16, 17], [2, 7, 8, 9, 13, 21, 22], [3, 7, 12, 13], [0, 3, 7], [8, 25], [0, 3, 13]]
i17: [[0, 7, 15, 16, 17, 25], [1, 4, 5, 6, 7, 10, 11, 12, 14, 15, 16, 17], [2, 7, 8, 9, 13, 21, 22], [3, 7, 12, 13], [0, 3, 7], [8, 25], [0, 3, 13]]
i18: [[0, 7, 15, 16, 17, 25], [1, 4, 5, 6, 7, 10, 11, 12, 14, 15, 16, 17], [2, 7, 8, 9, 13, 21, 22], [3, 7, 12, 13], [0, 3, 7], [8, 25], [0, 3, 13]]
i19: [[0, 7, 15, 16, 17, 25], [1, 4, 5, 6, 7, 10, 11, 12, 14, 15, 16, 17], [2, 7, 8, 9, 13, 21, 22], [3, 7, 12, 13], [0, 3, 7], [8, 25], [0, 3, 13], [18, 19, 20]]
i20: [[0, 7, 15, 16, 17, 25], [1, 4, 5, 6, 7, 10, 11, 12, 14, 15, 16, 17], [2, 7, 8, 9, 13, 21, 22], [3, 7, 12, 13], [0, 3, 7], [8, 25], [0, 3, 13], [18, 19, 20], [18, 19, 21, 23]]
i21: [[0, 7, 15, 16, 17, 25], [1, 4, 5, 6, 7, 10, 11, 12, 14, 15, 16, 17], [2, 7, 8, 9, 13, 21, 22], [3, 7, 12, 13], [0, 3, 7], [8, 25], [0, 3, 13], [18, 19, 20], [18, 19, 21, 23], [18, 20, 21]]
i22: [[0, 7, 15, 16, 17, 25], [1, 4, 5, 6, 7, 10, 11, 12, 14, 15, 16, 17], [2, 7, 8, 9, 13, 21, 22], [3, 7, 12, 13], [0, 3, 7], [8, 25], [0, 3, 13], [18, 19, 20], [18, 19, 21, 23], [18, 20, 21], [19, 20, 21]]
i23: [[0, 7, 15, 16, 17, 25], [1, 4, 5, 6, 7, 10, 11, 12, 14, 15, 16, 17], [2, 7, 8, 9, 13, 21, 22], [3, 7, 12, 13], [0, 3, 7], [8, 25], [0, 3, 13], [18, 19, 20], [18, 19, 21, 23], [18, 20, 21], [19, 20, 21], [22, 26]]
i24: [[0, 7, 15, 16, 17, 25], [1, 4, 5, 6, 7, 10, 11, 12, 14, 15, 16, 17], [2, 7, 8, 9, 13, 21, 22], [3, 7, 12, 13], [0, 3, 7], [8, 25], [0, 3, 13], [18, 19, 20], [18, 19, 21, 23], [18, 20, 21], [19, 20, 21], [22, 26], [19, 23, 24]]
i25: [[0, 7, 15, 16, 17, 25], [1, 4, 5, 6, 7, 10, 11, 12, 14, 15, 16, 17], [2, 7, 8, 9, 13, 21, 22], [3, 7, 12, 13], [0, 3, 7], [8, 25], [0, 3, 13], [18, 19, 20], [18, 19, 21, 23], [18, 20, 21], [19, 20, 21], [22, 26], [19, 23, 24]]
i26: [[0, 7, 15, 16, 17, 25], [1, 4, 5, 6, 7, 10, 11, 12, 14, 15, 16, 17], [2, 7, 8, 9, 13, 21, 22], [3, 7, 12, 13], [0, 3, 7], [8, 25], [0, 3, 13], [18, 19, 20], [18, 19, 21, 23], [18, 20, 21], [19, 20, 21], [22, 26], [19, 23, 24]]
i27: [[0, 7, 15, 16, 17, 25], [1, 4, 5, 6, 7, 10, 11, 12, 14, 15, 16, 17], [2, 7, 8, 9, 13, 21, 22], [3, 7, 12, 13], [0, 3, 7], [8, 25], [0, 3, 13], [18, 19, 20], [18, 19, 21, 23], [18, 20, 21], [19, 20, 21], [18, 20, 22, 26], [19, 23, 24]]
i28: [[0, 7, 15, 16, 17, 25], [1, 4, 5, 6, 7, 10, 11, 12, 14, 15, 16, 17], [2, 7, 8, 9, 13, 21, 22], [3, 7, 12, 13], [0, 3, 7], [8, 25], [0, 3, 13], [18, 19, 20], [18, 19, 21, 23], [18, 20, 21], [19, 20, 21], [18, 20, 22, 26], [19, 23, 24], [23, 25, 27, 28, 29, 30, 31, 32]]
i29: [[0, 7, 15, 16, 17, 25], [1, 4, 5, 6, 7, 10, 11, 12, 14, 15, 16, 17], [2, 7, 8, 9, 13, 21, 22], [3, 7, 12, 13], [0, 3, 7], [8, 25], [0, 3, 13], [18, 19, 20], [18, 19, 21, 23], [18, 20, 21], [19, 20, 21], [18, 20, 22, 26], [19, 23, 24], [23, 25, 27, 28, 29, 30, 31, 32]]
i30: [[0, 7, 15, 16, 17, 25], [1, 4, 5, 6, 7, 10, 11, 12, 14, 15, 16, 17], [2, 7, 8, 9, 13, 21, 22], [3, 7, 12, 13], [0, 3, 7], [8, 25], [0, 3, 13], [18, 19, 20], [18, 19, 21, 23], [18, 20, 21], [19, 20, 21], [18, 20, 22, 26], [19, 23, 24], [23, 25, 27, 28, 29, 30, 31, 32]]
i31: [[0, 7, 15, 16, 17, 25], [1, 4, 5, 6, 7, 10, 11, 12, 14, 15, 16, 17], [2, 7, 8, 9, 13, 21, 22], [3, 7, 12, 13], [0, 3, 7], [8, 25], [0, 3, 13], [18, 19, 20], [18, 19, 21, 23], [18, 20, 21], [19, 20, 21], [18, 20, 22, 26], [19, 23, 24], [23, 25, 27, 28, 29, 30, 31, 32]]
i32: [[0, 7, 15, 16, 17, 25], [1, 4, 5, 6, 7, 10, 11, 12, 14, 15, 16, 17], [2, 7, 8, 9, 13, 21, 22], [3, 7, 12, 13], [0, 3, 7], [8, 25], [0, 3, 13], [18, 19, 20], [18, 19, 21, 23], [18, 20, 21], [19, 20, 21], [18, 20, 22, 26], [19, 23, 24], [23, 25, 27, 28, 29, 30, 31, 32]]
i33: [[0, 7, 15, 16, 17, 25], [1, 4, 5, 6, 7, 10, 11, 12, 14, 15, 16, 17], [2, 7, 8, 9, 13, 21, 22], [3, 7, 12, 13], [0, 3, 7], [8, 25], [0, 3, 13], [18, 19, 20], [18, 19, 21, 23], [18, 20, 21], [19, 20, 21], [18, 20, 22, 26], [19, 23, 24], [23, 25, 27, 28, 29, 30, 31, 32]]
i34: [[0, 7, 15, 16, 17, 25], [1, 4, 5, 6, 7, 10, 11, 12, 14, 15, 16, 17], [2, 7, 8, 9, 13, 21, 22], [3, 7, 12, 13], [0, 3, 7], [8, 25], [0, 3, 13], [18, 19, 20], [18, 19, 21, 23], [18, 20, 21], [19, 20, 21], [18, 20, 22, 26], [19, 23, 24], [23, 25, 27, 28, 29, 30, 31, 32], [9, 16, 21, 22, 23, 24, 25, 28, 29, 30, 31, 32, 33]]
Iterations:34

whole execution time:0 ms
idx result:[[0, 7, 15, 16, 17, 25], [1, 4, 5, 6, 7, 10, 11, 12, 14, 15, 16, 17], [2, 7, 8, 9, 13, 21, 22], [3, 7, 12, 13], [0, 3, 7], [8, 25], [0, 3, 13], [18, 19, 20], [18, 19, 21, 23], [18, 20, 21], [19, 20, 21], [18, 20, 22, 26], [19, 23, 24], [23, 25, 27, 28, 29, 30, 31, 32], [9, 16, 21, 22, 23, 24, 25, 28, 29, 30, 31, 32, 33]]
name result:[[2, 8, 18, 20, 22, 31], [1, 5, 6, 7, 8, 11, 12, 13, 17, 18, 20, 22], [3, 8, 9, 10, 14, 28, 29], [4, 8, 13, 14], [2, 4, 8], [9, 31], [2, 4, 14], [26, 24, 25], [26, 24, 28, 30], [26, 25, 28], [24, 25, 28], [26, 25, 29, 32], [24, 30, 27], [30, 31, 33, 15, 16, 19, 21, 23], [10, 20, 28, 29, 30, 27, 31, 15, 16, 19, 21, 23, 34]]
comm size:15
